0 4
0 6
0 9
0 10
0 12
0 13
1 3
1 4
1 5
1 6
1 9
1 11
1 12
1 13
2 7
2 8
2 11
2 12
2 13
3 1
3 5
3 7
3 9
3 11
3 12
3 13
4 0
4 1
4 5
4 8
4 10
4 11
4 12
4 13
5 1
5 3
5 4
5 6
5 7
5 10
5 13
6 0
6 1
6 5
6 9
6 10
6 11
6 12
6 13
7 2
7 3
7 5
7 10
7 11
7 12
7 13
8 2
8 4
8 9
8 10
8 12
9 0
9 1
9 3
9 6
9 8
9 10
9 12
10 0
10 4
10 5
10 6
10 7
10 8
10 9
10 11
10 12
11 1
11 2
11 3
11 4
11 6
11 7
11 10
12 0
12 1
12 2
12 3
12 4
12 6
12 7
12 8
12 9
12 10
12 13
13 0
13 1
13 2
13 3
13 4
13 5
13 6
13 7
13 12
num of nodes: 14 num of colors 4
0
0
1
1
1
2
1
0
0
2
3
2
4
0
